0.0 0.0 0.0 0.0 0.0 0.0 0.0 0.0 0.0 0.0 0.0 0.0 0.0 0.0 0.0 0.0 0.0 0.0 0.0 0.0 0.0 0.0 0.0 0.0 0.0 0.0 0.0 0.0 0.0  : avg=NaN
0.0 0.0 0.0 0.0 0.0 0.0 0.0 0.0 0.0 0.0 0.0 0.0 0.0 0.0 0.0 0.0 0.0 0.0 0.0 0.0 0.0 0.0 0.0 0.0 0.0 0.0 0.0 0.0 0.0  : avg=NaN
6.0 0.0 0.0 0.0 0.0 0.0 0.0 0.0 0.0 0.0 0.0 0.0 0.0 0.0 0.0 0.0 0.0 0.0 0.0 0.0 0.0 0.0 0.0 0.0 0.0 0.0 0.0 0.0 0.0  : avg=6.0
6.0 0.0 0.0 0.0 0.0 0.0 0.0 0.0 0.0 0.0 0.0 0.0 0.0 0.0 0.0 0.0 0.0 0.0 0.0 0.0 0.0 0.0 0.0 0.0 0.0 0.0 0.0 0.0 0.0  : avg=6.0
6.0 0.0 6.0 0.0 0.0 0.0 0.0 0.0 0.0 0.0 0.0 0.0 0.0 0.0 0.0 0.0 0.0 0.0 0.0 0.0 0.0 0.0 0.0 0.0 0.0 0.0 0.0 0.0 0.0  : avg=6.0
6.0 0.0 6.0 7.0 0.0 0.0 0.0 0.0 0.0 0.0 0.0 0.0 0.0 0.0 0.0 0.0 0.0 0.0 0.0 0.0 0.0 0.0 0.0 0.0 0.0 0.0 0.0 0.0 0.0  : avg=6.3333335
6.0 0.0 6.0 7.0 0.0 0.0 0.0 0.0 0.0 0.0 0.0 0.0 0.0 0.0 0.0 0.0 0.0 0.0 0.0 0.0 0.0 0.0 0.0 0.0 0.0 0.0 0.0 0.0 0.0  : avg=6.3333335
6.0 0.0 6.0 7.0 0.0 7.0 0.0 0.0 0.0 0.0 0.0 0.0 0.0 0.0 0.0 0.0 0.0 0.0 0.0 0.0 0.0 0.0 0.0 0.0 0.0 0.0 0.0 0.0 0.0  : avg=6.5
6.0 0.0 6.0 7.0 0.0 7.0 5.0 0.0 0.0 0.0 0.0 0.0 0.0 0.0 0.0 0.0 0.0 0.0 0.0 0.0 0.0 0.0 0.0 0.0 0.0 0.0 0.0 0.0 0.0  : avg=6.2
6.0 0.0 6.0 7.0 0.0 7.0 5.0 0.0 0.0 0.0 0.0 0.0 0.0 0.0 0.0 0.0 0.0 0.0 0.0 0.0 0.0 0.0 0.0 0.0 0.0 0.0 0.0 0.0 0.0  : avg=6.2
6.0 0.0 6.0 7.0 0.0 7.0 5.0 0.0 2.0 0.0 0.0 0.0 0.0 0.0 0.0 0.0 0.0 0.0 0.0 0.0 0.0 0.0 0.0 0.0 0.0 0.0 0.0 0.0 0.0  : avg=5.5
6.0 0.0 6.0 7.0 0.0 7.0 5.0 0.0 2.0 0.0 0.0 0.0 0.0 0.0 0.0 0.0 0.0 0.0 0.0 0.0 0.0 0.0 0.0 0.0 0.0 0.0 0.0 0.0 0.0  : avg=5.5
6.0 0.0 6.0 7.0 0.0 7.0 5.0 0.0 2.0 0.0 6.0 0.0 0.0 0.0 0.0 0.0 0.0 0.0 0.0 0.0 0.0 0.0 0.0 0.0 0.0 0.0 0.0 0.0 0.0  : avg=5.571429
6.0 0.0 6.0 7.0 0.0 7.0 5.0 0.0 2.0 0.0 6.0 4.0 0.0 0.0 0.0 0.0 0.0 0.0 0.0 0.0 0.0 0.0 0.0 0.0 0.0 0.0 0.0 0.0 0.0  : avg=5.375
6.0 0.0 6.0 7.0 0.0 7.0 5.0 0.0 2.0 0.0 6.0 4.0 0.0 0.0 0.0 0.0 0.0 0.0 0.0 0.0 0.0 0.0 0.0 0.0 0.0 0.0 0.0 0.0 0.0  : avg=5.375
6.0 0.0 6.0 7.0 0.0 7.0 5.0 0.0 2.0 0.0 6.0 4.0 0.0 4.0 0.0 0.0 0.0 0.0 0.0 0.0 0.0 0.0 0.0 0.0 0.0 0.0 0.0 0.0 0.0  : avg=5.2222223
6.0 0.0 6.0 7.0 0.0 7.0 5.0 0.0 2.0 0.0 6.0 4.0 0.0 4.0 0.0 0.0 0.0 0.0 0.0 0.0 0.0 0.0 0.0 0.0 0.0 0.0 0.0 0.0 0.0  : avg=5.2222223
6.0 0.0 6.0 7.0 0.0 7.0 5.0 0.0 2.0 0.0 6.0 4.0 0.0 4.0 0.0 5.0 0.0 0.0 0.0 0.0 0.0 0.0 0.0 0.0 0.0 0.0 0.0 0.0 0.0  : avg=5.2
6.0 0.0 6.0 7.0 0.0 7.0 5.0 0.0 2.0 0.0 6.0 4.0 0.0 4.0 0.0 5.0 11.0 0.0 0.0 0.0 0.0 0.0 0.0 0.0 0.0 0.0 0.0 0.0 0.0  : avg=5.7272725
6.0 0.0 6.0 7.0 0.0 7.0 5.0 0.0 2.0 0.0 6.0 4.0 0.0 4.0 0.0 5.0 11.0 0.0 0.0 0.0 0.0 0.0 0.0 0.0 0.0 0.0 0.0 0.0 0.0  : avg=5.7272725
6.0 0.0 6.0 7.0 0.0 7.0 5.0 0.0 2.0 0.0 6.0 4.0 0.0 4.0 0.0 5.0 11.0 0.0 6.0 0.0 0.0 0.0 0.0 0.0 0.0 0.0 0.0 0.0 0.0  : avg=5.75
6.0 0.0 6.0 7.0 0.0 7.0 5.0 0.0 2.0 0.0 6.0 4.0 0.0 4.0 0.0 5.0 11.0 0.0 6.0 0.0 0.0 0.0 0.0 0.0 0.0 0.0 0.0 0.0 0.0  : avg=5.75
6.0 0.0 6.0 7.0 0.0 7.0 5.0 0.0 2.0 0.0 6.0 4.0 0.0 4.0 0.0 5.0 11.0 0.0 6.0 0.0 5.0 0.0 0.0 0.0 0.0 0.0 0.0 0.0 0.0  : avg=5.6923075
6.0 0.0 6.0 7.0 0.0 7.0 5.0 0.0 2.0 0.0 6.0 4.0 0.0 4.0 0.0 5.0 11.0 0.0 6.0 0.0 5.0 7.0 0.0 0.0 0.0 0.0 0.0 0.0 0.0  : avg=5.785714
6.0 0.0 6.0 7.0 0.0 7.0 5.0 0.0 2.0 0.0 6.0 4.0 0.0 4.0 0.0 5.0 11.0 0.0 6.0 0.0 5.0 7.0 0.0 0.0 0.0 0.0 0.0 0.0 0.0  : avg=5.785714
6.0 0.0 6.0 7.0 0.0 7.0 5.0 0.0 2.0 0.0 6.0 4.0 0.0 4.0 0.0 5.0 11.0 0.0 6.0 0.0 5.0 7.0 0.0 6.0 0.0 0.0 0.0 0.0 0.0  : avg=5.8
6.0 0.0 6.0 7.0 0.0 7.0 5.0 0.0 2.0 0.0 6.0 4.0 0.0 4.0 0.0 5.0 11.0 0.0 6.0 0.0 5.0 7.0 0.0 6.0 0.0 5.0 0.0 0.0 0.0  : avg=5.75
6.0 0.0 6.0 7.0 0.0 7.0 5.0 0.0 2.0 0.0 6.0 4.0 0.0 4.0 0.0 5.0 11.0 0.0 6.0 0.0 5.0 7.0 0.0 6.0 0.0 5.0 4.0 0.0 0.0  : avg=5.647059
6.0 0.0 6.0 7.0 0.0 7.0 5.0 0.0 2.0 0.0 6.0 4.0 0.0 4.0 0.0 5.0 11.0 0.0 6.0 0.0 5.0 7.0 0.0 6.0 0.0 5.0 4.0 0.0 0.0  : avg=5.647059
6.0 0.0 6.0 7.0 0.0 7.0 5.0 0.0 2.0 0.0 6.0 4.0 0.0 4.0 0.0 5.0 11.0 0.0 6.0 0.0 5.0 7.0 0.0 6.0 0.0 5.0 4.0 0.0 5.0  : avg=5.611111
0.0 6.0 7.0 0.0 7.0 5.0 0.0 2.0 0.0 6.0 4.0 0.0 4.0 0.0 5.0 11.0 0.0 6.0 0.0 5.0 7.0 0.0 6.0 0.0 5.0 4.0 0.0 5.0 0.0  : avg=5.5882354
6.0 7.0 0.0 7.0 5.0 0.0 2.0 0.0 6.0 4.0 0.0 4.0 0.0 5.0 11.0 0.0 6.0 0.0 5.0 7.0 0.0 6.0 0.0 5.0 4.0 0.0 5.0 0.0 6.0  : avg=5.611111
7.0 0.0 7.0 5.0 0.0 2.0 0.0 6.0 4.0 0.0 4.0 0.0 5.0 11.0 0.0 6.0 0.0 5.0 7.0 0.0 6.0 0.0 5.0 4.0 0.0 5.0 0.0 6.0 7.0  : avg=5.6666665
0.0 7.0 5.0 0.0 2.0 0.0 6.0 4.0 0.0 4.0 0.0 5.0 11.0 0.0 6.0 0.0 5.0 7.0 0.0 6.0 0.0 5.0 4.0 0.0 5.0 0.0 6.0 7.0 0.0  : avg=5.5882354
7.0 5.0 0.0 2.0 0.0 6.0 4.0 0.0 4.0 0.0 5.0 11.0 0.0 6.0 0.0 5.0 7.0 0.0 6.0 0.0 5.0 4.0 0.0 5.0 0.0 6.0 7.0 0.0 10.0  : avg=5.8333335
5.0 0.0 2.0 0.0 6.0 4.0 0.0 4.0 0.0 5.0 11.0 0.0 6.0 0.0 5.0 7.0 0.0 6.0 0.0 5.0 4.0 0.0 5.0 0.0 6.0 7.0 0.0 10.0 0.0  : avg=5.7647057
0.0 2.0 0.0 6.0 4.0 0.0 4.0 0.0 5.0 11.0 0.0 6.0 0.0 5.0 7.0 0.0 6.0 0.0 5.0 4.0 0.0 5.0 0.0 6.0 7.0 0.0 10.0 0.0 6.0  : avg=5.8235292
2.0 0.0 6.0 4.0 0.0 4.0 0.0 5.0 11.0 0.0 6.0 0.0 5.0 7.0 0.0 6.0 0.0 5.0 4.0 0.0 5.0 0.0 6.0 7.0 0.0 10.0 0.0 6.0 5.0  : avg=5.7777777
0.0 6.0 4.0 0.0 4.0 0.0 5.0 11.0 0.0 6.0 0.0 5.0 7.0 0.0 6.0 0.0 5.0 4.0 0.0 5.0 0.0 6.0 7.0 0.0 10.0 0.0 6.0 5.0 0.0  : avg=6.0
6.0 4.0 0.0 4.0 0.0 5.0 11.0 0.0 6.0 0.0 5.0 7.0 0.0 6.0 0.0 5.0 4.0 0.0 5.0 0.0 6.0 7.0 0.0 10.0 0.0 6.0 5.0 0.0 5.0  : avg=5.9444447
4.0 0.0 4.0 0.0 5.0 11.0 0.0 6.0 0.0 5.0 7.0 0.0 6.0 0.0 5.0 4.0 0.0 5.0 0.0 6.0 7.0 0.0 10.0 0.0 6.0 5.0 0.0 5.0 0.0  : avg=5.9411764
0.0 4.0 0.0 5.0 11.0 0.0 6.0 0.0 5.0 7.0 0.0 6.0 0.0 5.0 4.0 0.0 5.0 0.0 6.0 7.0 0.0 10.0 0.0 6.0 5.0 0.0 5.0 0.0 5.0  : avg=6.0
0.0 4.0 0.0 5.0 11.0 0.0 6.0 0.0 5.0 7.0 0.0 6.0 0.0 5.0 4.0 0.0 5.0 0.0 6.0 7.0 0.0 10.0 0.0 6.0 5.0 0.0 5.0 0.0 5.0  : avg=6.0
4.0 0.0 5.0 11.0 0.0 6.0 0.0 5.0 7.0 0.0 6.0 0.0 5.0 4.0 0.0 5.0 0.0 6.0 7.0 0.0 10.0 0.0 6.0 5.0 0.0 5.0 0.0 5.0 5.0  : avg=5.9444447
0.0 5.0 11.0 0.0 6.0 0.0 5.0 7.0 0.0 6.0 0.0 5.0 4.0 0.0 5.0 0.0 6.0 7.0 0.0 10.0 0.0 6.0 5.0 0.0 5.0 0.0 5.0 5.0 0.0  : avg=6.0588236
5.0 11.0 0.0 6.0 0.0 5.0 7.0 0.0 6.0 0.0 5.0 4.0 0.0 5.0 0.0 6.0 7.0 0.0 10.0 0.0 6.0 5.0 0.0 5.0 0.0 5.0 5.0 0.0 7.0  : avg=6.111111
11.0 0.0 6.0 0.0 5.0 7.0 0.0 6.0 0.0 5.0 4.0 0.0 5.0 0.0 6.0 7.0 0.0 10.0 0.0 6.0 5.0 0.0 5.0 0.0 5.0 5.0 0.0 7.0 3.0  : avg=6.0
0.0 6.0 0.0 5.0 7.0 0.0 6.0 0.0 5.0 4.0 0.0 5.0 0.0 6.0 7.0 0.0 10.0 0.0 6.0 5.0 0.0 5.0 0.0 5.0 5.0 0.0 7.0 3.0 0.0  : avg=5.7058825
6.0 0.0 5.0 7.0 0.0 6.0 0.0 5.0 4.0 0.0 5.0 0.0 6.0 7.0 0.0 10.0 0.0 6.0 5.0 0.0 5.0 0.0 5.0 5.0 0.0 7.0 3.0 0.0 5.0  : avg=5.6666665
0.0 5.0 7.0 0.0 6.0 0.0 5.0 4.0 0.0 5.0 0.0 6.0 7.0 0.0 10.0 0.0 6.0 5.0 0.0 5.0 0.0 5.0 5.0 0.0 7.0 3.0 0.0 5.0 0.0  : avg=5.647059
5.0 7.0 0.0 6.0 0.0 5.0 4.0 0.0 5.0 0.0 6.0 7.0 0.0 10.0 0.0 6.0 5.0 0.0 5.0 0.0 5.0 5.0 0.0 7.0 3.0 0.0 5.0 0.0 5.0  : avg=5.611111
7.0 0.0 6.0 0.0 5.0 4.0 0.0 5.0 0.0 6.0 7.0 0.0 10.0 0.0 6.0 5.0 0.0 5.0 0.0 5.0 5.0 0.0 7.0 3.0 0.0 5.0 0.0 5.0 1.0  : avg=5.388889
0.0 6.0 0.0 5.0 4.0 0.0 5.0 0.0 6.0 7.0 0.0 10.0 0.0 6.0 5.0 0.0 5.0 0.0 5.0 5.0 0.0 7.0 3.0 0.0 5.0 0.0 5.0 1.0 0.0  : avg=5.2941175
6.0 0.0 5.0 4.0 0.0 5.0 0.0 6.0 7.0 0.0 10.0 0.0 6.0 5.0 0.0 5.0 0.0 5.0 5.0 0.0 7.0 3.0 0.0 5.0 0.0 5.0 1.0 0.0 8.0  : avg=5.4444447
0.0 5.0 4.0 0.0 5.0 0.0 6.0 7.0 0.0 10.0 0.0 6.0 5.0 0.0 5.0 0.0 5.0 5.0 0.0 7.0 3.0 0.0 5.0 0.0 5.0 1.0 0.0 8.0 0.0  : avg=5.4117646
5.0 4.0 0.0 5.0 0.0 6.0 7.0 0.0 10.0 0.0 6.0 5.0 0.0 5.0 0.0 5.0 5.0 0.0 7.0 3.0 0.0 5.0 0.0 5.0 1.0 0.0 8.0 0.0 6.0  : avg=5.4444447
4.0 0.0 5.0 0.0 6.0 7.0 0.0 10.0 0.0 6.0 5.0 0.0 5.0 0.0 5.0 5.0 0.0 7.0 3.0 0.0 5.0 0.0 5.0 1.0 0.0 8.0 0.0 6.0 2.0  : avg=5.2777777
0.0 5.0 0.0 6.0 7.0 0.0 10.0 0.0 6.0 5.0 0.0 5.0 0.0 5.0 5.0 0.0 7.0 3.0 0.0 5.0 0.0 5.0 1.0 0.0 8.0 0.0 6.0 2.0 0.0  : avg=5.352941
5.0 0.0 6.0 7.0 0.0 10.0 0.0 6.0 5.0 0.0 5.0 0.0 5.0 5.0 0.0 7.0 3.0 0.0 5.0 0.0 5.0 1.0 0.0 8.0 0.0 6.0 2.0 0.0 5.0  : avg=5.3333335
0.0 6.0 7.0 0.0 10.0 0.0 6.0 5.0 0.0 5.0 0.0 5.0 5.0 0.0 7.0 3.0 0.0 5.0 0.0 5.0 1.0 0.0 8.0 0.0 6.0 2.0 0.0 5.0 0.0  : avg=5.352941
6.0 7.0 0.0 10.0 0.0 6.0 5.0 0.0 5.0 0.0 5.0 5.0 0.0 7.0 3.0 0.0 5.0 0.0 5.0 1.0 0.0 8.0 0.0 6.0 2.0 0.0 5.0 0.0 4.0  : avg=5.2777777
7.0 0.0 10.0 0.0 6.0 5.0 0.0 5.0 0.0 5.0 5.0 0.0 7.0 3.0 0.0 5.0 0.0 5.0 1.0 0.0 8.0 0.0 6.0 2.0 0.0 5.0 0.0 4.0 1.0  : avg=5.0
0.0 10.0 0.0 6.0 5.0 0.0 5.0 0.0 5.0 5.0 0.0 7.0 3.0 0.0 5.0 0.0 5.0 1.0 0.0 8.0 0.0 6.0 2.0 0.0 5.0 0.0 4.0 1.0 0.0  : avg=4.882353
10.0 0.0 6.0 5.0 0.0 5.0 0.0 5.0 5.0 0.0 7.0 3.0 0.0 5.0 0.0 5.0 1.0 0.0 8.0 0.0 6.0 2.0 0.0 5.0 0.0 4.0 1.0 0.0 4.0  : avg=4.8333335
0.0 6.0 5.0 0.0 5.0 0.0 5.0 5.0 0.0 7.0 3.0 0.0 5.0 0.0 5.0 1.0 0.0 8.0 0.0 6.0 2.0 0.0 5.0 0.0 4.0 1.0 0.0 4.0 0.0  : avg=4.529412
6.0 5.0 0.0 5.0 0.0 5.0 5.0 0.0 7.0 3.0 0.0 5.0 0.0 5.0 1.0 0.0 8.0 0.0 6.0 2.0 0.0 5.0 0.0 4.0 1.0 0.0 4.0 0.0 5.0  : avg=4.5555553
5.0 0.0 5.0 0.0 5.0 5.0 0.0 7.0 3.0 0.0 5.0 0.0 5.0 1.0 0.0 8.0 0.0 6.0 2.0 0.0 5.0 0.0 4.0 1.0 0.0 4.0 0.0 5.0 1.0  : avg=4.2777777
0.0 5.0 0.0 5.0 5.0 0.0 7.0 3.0 0.0 5.0 0.0 5.0 1.0 0.0 8.0 0.0 6.0 2.0 0.0 5.0 0.0 4.0 1.0 0.0 4.0 0.0 5.0 1.0 0.0  : avg=4.2352943
5.0 0.0 5.0 5.0 0.0 7.0 3.0 0.0 5.0 0.0 5.0 1.0 0.0 8.0 0.0 6.0 2.0 0.0 5.0 0.0 4.0 1.0 0.0 4.0 0.0 5.0 1.0 0.0 6.0  : avg=4.3333335
0.0 5.0 5.0 0.0 7.0 3.0 0.0 5.0 0.0 5.0 1.0 0.0 8.0 0.0 6.0 2.0 0.0 5.0 0.0 4.0 1.0 0.0 4.0 0.0 5.0 1.0 0.0 6.0 0.0  : avg=4.2941175
5.0 5.0 0.0 7.0 3.0 0.0 5.0 0.0 5.0 1.0 0.0 8.0 0.0 6.0 2.0 0.0 5.0 0.0 4.0 1.0 0.0 4.0 0.0 5.0 1.0 0.0 6.0 0.0 6.0  : avg=4.388889
5.0 0.0 7.0 3.0 0.0 5.0 0.0 5.0 1.0 0.0 8.0 0.0 6.0 2.0 0.0 5.0 0.0 4.0 1.0 0.0 4.0 0.0 5.0 1.0 0.0 6.0 0.0 6.0 4.0  : avg=4.3333335
0.0 7.0 3.0 0.0 5.0 0.0 5.0 1.0 0.0 8.0 0.0 6.0 2.0 0.0 5.0 0.0 4.0 1.0 0.0 4.0 0.0 5.0 1.0 0.0 6.0 0.0 6.0 4.0 0.0  : avg=4.2941175
7.0 3.0 0.0 5.0 0.0 5.0 1.0 0.0 8.0 0.0 6.0 2.0 0.0 5.0 0.0 4.0 1.0 0.0 4.0 0.0 5.0 1.0 0.0 6.0 0.0 6.0 4.0 0.0 5.0  : avg=4.3333335
3.0 0.0 5.0 0.0 5.0 1.0 0.0 8.0 0.0 6.0 2.0 0.0 5.0 0.0 4.0 1.0 0.0 4.0 0.0 5.0 1.0 0.0 6.0 0.0 6.0 4.0 0.0 5.0 0.0  : avg=4.1764708
0.0 5.0 0.0 5.0 1.0 0.0 8.0 0.0 6.0 2.0 0.0 5.0 0.0 4.0 1.0 0.0 4.0 0.0 5.0 1.0 0.0 6.0 0.0 6.0 4.0 0.0 5.0 0.0 4.0  : avg=4.2352943
5.0 0.0 5.0 1.0 0.0 8.0 0.0 6.0 2.0 0.0 5.0 0.0 4.0 1.0 0.0 4.0 0.0 5.0 1.0 0.0 6.0 0.0 6.0 4.0 0.0 5.0 0.0 4.0 1.0  : avg=4.0555553
0.0 5.0 1.0 0.0 8.0 0.0 6.0 2.0 0.0 5.0 0.0 4.0 1.0 0.0 4.0 0.0 5.0 1.0 0.0 6.0 0.0 6.0 4.0 0.0 5.0 0.0 4.0 1.0 0.0  : avg=4.0
5.0 1.0 0.0 8.0 0.0 6.0 2.0 0.0 5.0 0.0 4.0 1.0 0.0 4.0 0.0 5.0 1.0 0.0 6.0 0.0 6.0 4.0 0.0 5.0 0.0 4.0 1.0 0.0 6.0  : avg=4.111111
1.0 0.0 8.0 0.0 6.0 2.0 0.0 5.0 0.0 4.0 1.0 0.0 4.0 0.0 5.0 1.0 0.0 6.0 0.0 6.0 4.0 0.0 5.0 0.0 4.0 1.0 0.0 6.0 0.0  : avg=4.0588236
0.0 8.0 0.0 6.0 2.0 0.0 5.0 0.0 4.0 1.0 0.0 4.0 0.0 5.0 1.0 0.0 6.0 0.0 6.0 4.0 0.0 5.0 0.0 4.0 1.0 0.0 6.0 0.0 7.0  : avg=4.4117646
8.0 0.0 6.0 2.0 0.0 5.0 0.0 4.0 1.0 0.0 4.0 0.0 5.0 1.0 0.0 6.0 0.0 6.0 4.0 0.0 5.0 0.0 4.0 1.0 0.0 6.0 0.0 7.0 -1.0  : avg=4.111111
0.0 6.0 2.0 0.0 5.0 0.0 4.0 1.0 0.0 4.0 0.0 5.0 1.0 0.0 6.0 0.0 6.0 4.0 0.0 5.0 0.0 4.0 1.0 0.0 6.0 0.0 7.0 -1.0 0.0  : avg=3.8823528
6.0 2.0 0.0 5.0 0.0 4.0 1.0 0.0 4.0 0.0 5.0 1.0 0.0 6.0 0.0 6.0 4.0 0.0 5.0 0.0 4.0 1.0 0.0 6.0 0.0 7.0 -1.0 0.0 7.0  : avg=4.0555553
2.0 0.0 5.0 0.0 4.0 1.0 0.0 4.0 0.0 5.0 1.0 0.0 6.0 0.0 6.0 4.0 0.0 5.0 0.0 4.0 1.0 0.0 6.0 0.0 7.0 -1.0 0.0 7.0 0.0  : avg=3.9411764
0.0 5.0 0.0 4.0 1.0 0.0 4.0 0.0 5.0 1.0 0.0 6.0 0.0 6.0 4.0 0.0 5.0 0.0 4.0 1.0 0.0 6.0 0.0 7.0 -1.0 0.0 7.0 0.0 4.0  : avg=4.0588236
5.0 0.0 4.0 1.0 0.0 4.0 0.0 5.0 1.0 0.0 6.0 0.0 6.0 4.0 0.0 5.0 0.0 4.0 1.0 0.0 6.0 0.0 7.0 -1.0 0.0 7.0 0.0 4.0 -7.0  : avg=3.4444444
0.0 4.0 1.0 0.0 4.0 0.0 5.0 1.0 0.0 6.0 0.0 6.0 4.0 0.0 5.0 0.0 4.0 1.0 0.0 6.0 0.0 7.0 -1.0 0.0 7.0 0.0 4.0 -7.0 0.0  : avg=3.3529413
4.0 1.0 0.0 4.0 0.0 5.0 1.0 0.0 6.0 0.0 6.0 4.0 0.0 5.0 0.0 4.0 1.0 0.0 6.0 0.0 7.0 -1.0 0.0 7.0 0.0 4.0 -7.0 0.0 3.0  : avg=3.3333333
1.0 0.0 4.0 0.0 5.0 1.0 0.0 6.0 0.0 6.0 4.0 0.0 5.0 0.0 4.0 1.0 0.0 6.0 0.0 7.0 -1.0 0.0 7.0 0.0 4.0 -7.0 0.0 3.0 0.0  : avg=3.2941177
0.0 4.0 0.0 5.0 1.0 0.0 6.0 0.0 6.0 4.0 0.0 5.0 0.0 4.0 1.0 0.0 6.0 0.0 7.0 -1.0 0.0 7.0 0.0 4.0 -7.0 0.0 3.0 0.0 7.0  : avg=3.6470587
4.0 0.0 5.0 1.0 0.0 6.0 0.0 6.0 4.0 0.0 5.0 0.0 4.0 1.0 0.0 6.0 0.0 7.0 -1.0 0.0 7.0 0.0 4.0 -7.0 0.0 3.0 0.0 7.0 0.0  : avg=3.6470587
0.0 5.0 1.0 0.0 6.0 0.0 6.0 4.0 0.0 5.0 0.0 4.0 1.0 0.0 6.0 0.0 7.0 -1.0 0.0 7.0 0.0 4.0 -7.0 0.0 3.0 0.0 7.0 0.0 0.0  : avg=3.625
5.0 1.0 0.0 6.0 0.0 6.0 4.0 0.0 5.0 0.0 4.0 1.0 0.0 6.0 0.0 7.0 -1.0 0.0 7.0 0.0 4.0 -7.0 0.0 3.0 0.0 7.0 0.0 0.0 5.0  : avg=3.7058823
1.0 0.0 6.0 0.0 6.0 4.0 0.0 5.0 0.0 4.0 1.0 0.0 6.0 0.0 7.0 -1.0 0.0 7.0 0.0 4.0 -7.0 0.0 3.0 0.0 7.0 0.0 0.0 5.0 7.0  : avg=3.8235295
0.0 6.0 0.0 6.0 4.0 0.0 5.0 0.0 4.0 1.0 0.0 6.0 0.0 7.0 -1.0 0.0 7.0 0.0 4.0 -7.0 0.0 3.0 0.0 7.0 0.0 0.0 5.0 7.0 0.0  : avg=4.0
6.0 0.0 6.0 4.0 0.0 5.0 0.0 4.0 1.0 0.0 6.0 0.0 7.0 -1.0 0.0 7.0 0.0 4.0 -7.0 0.0 3.0 0.0 7.0 0.0 0.0 5.0 7.0 0.0 -2.0  : avg=3.6470587
0.0 6.0 4.0 0.0 5.0 0.0 4.0 1.0 0.0 6.0 0.0 7.0 -1.0 0.0 7.0 0.0 4.0 -7.0 0.0 3.0 0.0 7.0 0.0 0.0 5.0 7.0 0.0 -2.0 0.0  : avg=3.5
6.0 4.0 0.0 5.0 0.0 4.0 1.0 0.0 6.0 0.0 7.0 -1.0 0.0 7.0 0.0 4.0 -7.0 0.0 3.0 0.0 7.0 0.0 0.0 5.0 7.0 0.0 -2.0 0.0 5.0  : avg=3.5882354
4.0 0.0 5.0 0.0 4.0 1.0 0.0 6.0 0.0 7.0 -1.0 0.0 7.0 0.0 4.0 -7.0 0.0 3.0 0.0 7.0 0.0 0.0 5.0 7.0 0.0 -2.0 0.0 5.0 4.0  : avg=3.4705882
0.0 5.0 0.0 4.0 1.0 0.0 6.0 0.0 7.0 -1.0 0.0 7.0 0.0 4.0 -7.0 0.0 3.0 0.0 7.0 0.0 0.0 5.0 7.0 0.0 -2.0 0.0 5.0 4.0 0.0  : avg=3.4375
5.0 0.0 4.0 1.0 0.0 6.0 0.0 7.0 -1.0 0.0 7.0 0.0 4.0 -7.0 0.0 3.0 0.0 7.0 0.0 0.0 5.0 7.0 0.0 -2.0 0.0 5.0 4.0 0.0 2.0  : avg=3.3529413
0.0 4.0 1.0 0.0 6.0 0.0 7.0 -1.0 0.0 7.0 0.0 4.0 -7.0 0.0 3.0 0.0 7.0 0.0 0.0 5.0 7.0 0.0 -2.0 0.0 5.0 4.0 0.0 2.0 0.0  : avg=3.25
4.0 1.0 0.0 6.0 0.0 7.0 -1.0 0.0 7.0 0.0 4.0 -7.0 0.0 3.0 0.0 7.0 0.0 0.0 5.0 7.0 0.0 -2.0 0.0 5.0 4.0 0.0 2.0 0.0 5.0  : avg=3.3529413
1.0 0.0 6.0 0.0 7.0 -1.0 0.0 7.0 0.0 4.0 -7.0 0.0 3.0 0.0 7.0 0.0 0.0 5.0 7.0 0.0 -2.0 0.0 5.0 4.0 0.0 2.0 0.0 5.0 1.0  : avg=3.1764705
0.0 6.0 0.0 7.0 -1.0 0.0 7.0 0.0 4.0 -7.0 0.0 3.0 0.0 7.0 0.0 0.0 5.0 7.0 0.0 -2.0 0.0 5.0 4.0 0.0 2.0 0.0 5.0 1.0 0.0  : avg=3.3125
6.0 0.0 7.0 -1.0 0.0 7.0 0.0 4.0 -7.0 0.0 3.0 0.0 7.0 0.0 0.0 5.0 7.0 0.0 -2.0 0.0 5.0 4.0 0.0 2.0 0.0 5.0 1.0 0.0 0.0  : avg=3.3125
0.0 7.0 -1.0 0.0 7.0 0.0 4.0 -7.0 0.0 3.0 0.0 7.0 0.0 0.0 5.0 7.0 0.0 -2.0 0.0 5.0 4.0 0.0 2.0 0.0 5.0 1.0 0.0 0.0 0.0  : avg=3.1333334
7.0 -1.0 0.0 7.0 0.0 4.0 -7.0 0.0 3.0 0.0 7.0 0.0 0.0 5.0 7.0 0.0 -2.0 0.0 5.0 4.0 0.0 2.0 0.0 5.0 1.0 0.0 0.0 0.0 6.0  : avg=3.3125
-1.0 0.0 7.0 0.0 4.0 -7.0 0.0 3.0 0.0 7.0 0.0 0.0 5.0 7.0 0.0 -2.0 0.0 5.0 4.0 0.0 2.0 0.0 5.0 1.0 0.0 0.0 0.0 6.0 5.0  : avg=3.1875
0.0 7.0 0.0 4.0 -7.0 0.0 3.0 0.0 7.0 0.0 0.0 5.0 7.0 0.0 -2.0 0.0 5.0 4.0 0.0 2.0 0.0 5.0 1.0 0.0 0.0 0.0 6.0 5.0 0.0  : avg=3.4666667
7.0 0.0 4.0 -7.0 0.0 3.0 0.0 7.0 0.0 0.0 5.0 7.0 0.0 -2.0 0.0 5.0 4.0 0.0 2.0 0.0 5.0 1.0 0.0 0.0 0.0 6.0 5.0 0.0 -1.0  : avg=3.1875
0.0 4.0 -7.0 0.0 3.0 0.0 7.0 0.0 0.0 5.0 7.0 0.0 -2.0 0.0 5.0 4.0 0.0 2.0 0.0 5.0 1.0 0.0 0.0 0.0 6.0 5.0 0.0 -1.0 0.0  : avg=2.9333334
4.0 -7.0 0.0 3.0 0.0 7.0 0.0 0.0 5.0 7.0 0.0 -2.0 0.0 5.0 4.0 0.0 2.0 0.0 5.0 1.0 0.0 0.0 0.0 6.0 5.0 0.0 -1.0 0.0 2.0  : avg=2.875
-7.0 0.0 3.0 0.0 7.0 0.0 0.0 5.0 7.0 0.0 -2.0 0.0 5.0 4.0 0.0 2.0 0.0 5.0 1.0 0.0 0.0 0.0 6.0 5.0 0.0 -1.0 0.0 2.0 5.0  : avg=2.9375
0.0 3.0 0.0 7.0 0.0 0.0 5.0 7.0 0.0 -2.0 0.0 5.0 4.0 0.0 2.0 0.0 5.0 1.0 0.0 0.0 0.0 6.0 5.0 0.0 -1.0 0.0 2.0 5.0 0.0  : avg=3.6
3.0 0.0 7.0 0.0 0.0 5.0 7.0 0.0 -2.0 0.0 5.0 4.0 0.0 2.0 0.0 5.0 1.0 0.0 0.0 0.0 6.0 5.0 0.0 -1.0 0.0 2.0 5.0 0.0 7.0  : avg=3.8125
0.0 7.0 0.0 0.0 5.0 7.0 0.0 -2.0 0.0 5.0 4.0 0.0 2.0 0.0 5.0 1.0 0.0 0.0 0.0 6.0 5.0 0.0 -1.0 0.0 2.0 5.0 0.0 7.0 0.0  : avg=3.8666666
7.0 0.0 0.0 5.0 7.0 0.0 -2.0 0.0 5.0 4.0 0.0 2.0 0.0 5.0 1.0 0.0 0.0 0.0 6.0 5.0 0.0 -1.0 0.0 2.0 5.0 0.0 7.0 0.0 5.0  : avg=3.9375
0.0 0.0 5.0 7.0 0.0 -2.0 0.0 5.0 4.0 0.0 2.0 0.0 5.0 1.0 0.0 0.0 0.0 6.0 5.0 0.0 -1.0 0.0 2.0 5.0 0.0 7.0 0.0 5.0 7.0  : avg=3.9375
0.0 5.0 7.0 0.0 -2.0 0.0 5.0 4.0 0.0 2.0 0.0 5.0 1.0 0.0 0.0 0.0 6.0 5.0 0.0 -1.0 0.0 2.0 5.0 0.0 7.0 0.0 5.0 7.0 0.0  : avg=3.9375
5.0 7.0 0.0 -2.0 0.0 5.0 4.0 0.0 2.0 0.0 5.0 1.0 0.0 0.0 0.0 6.0 5.0 0.0 -1.0 0.0 2.0 5.0 0.0 7.0 0.0 5.0 7.0 0.0 0.0  : avg=3.9375
7.0 0.0 -2.0 0.0 5.0 4.0 0.0 2.0 0.0 5.0 1.0 0.0 0.0 0.0 6.0 5.0 0.0 -1.0 0.0 2.0 5.0 0.0 7.0 0.0 5.0 7.0 0.0 0.0 0.0  : avg=3.8666666
0.0 -2.0 0.0 5.0 4.0 0.0 2.0 0.0 5.0 1.0 0.0 0.0 0.0 6.0 5.0 0.0 -1.0 0.0 2.0 5.0 0.0 7.0 0.0 5.0 7.0 0.0 0.0 0.0 5.0  : avg=3.7333333
-2.0 0.0 5.0 4.0 0.0 2.0 0.0 5.0 1.0 0.0 0.0 0.0 6.0 5.0 0.0 -1.0 0.0 2.0 5.0 0.0 7.0 0.0 5.0 7.0 0.0 0.0 0.0 5.0 4.0  : avg=3.75
0.0 5.0 4.0 0.0 2.0 0.0 5.0 1.0 0.0 0.0 0.0 6.0 5.0 0.0 -1.0 0.0 2.0 5.0 0.0 7.0 0.0 5.0 7.0 0.0 0.0 0.0 5.0 4.0 0.0  : avg=4.133333
5.0 4.0 0.0 2.0 0.0 5.0 1.0 0.0 0.0 0.0 6.0 5.0 0.0 -1.0 0.0 2.0 5.0 0.0 7.0 0.0 5.0 7.0 0.0 0.0 0.0 5.0 4.0 0.0 -2.0  : avg=3.75
4.0 0.0 2.0 0.0 5.0 1.0 0.0 0.0 0.0 6.0 5.0 0.0 -1.0 0.0 2.0 5.0 0.0 7.0 0.0 5.0 7.0 0.0 0.0 0.0 5.0 4.0 0.0 -2.0 0.0  : avg=3.6666667
0.0 2.0 0.0 5.0 1.0 0.0 0.0 0.0 6.0 5.0 0.0 -1.0 0.0 2.0 5.0 0.0 7.0 0.0 5.0 7.0 0.0 0.0 0.0 5.0 4.0 0.0 -2.0 0.0 4.0  : avg=3.6666667
2.0 0.0 5.0 1.0 0.0 0.0 0.0 6.0 5.0 0.0 -1.0 0.0 2.0 5.0 0.0 7.0 0.0 5.0 7.0 0.0 0.0 0.0 5.0 4.0 0.0 -2.0 0.0 4.0 6.0  : avg=3.8125
0.0 5.0 1.0 0.0 0.0 0.0 6.0 5.0 0.0 -1.0 0.0 2.0 5.0 0.0 7.0 0.0 5.0 7.0 0.0 0.0 0.0 5.0 4.0 0.0 -2.0 0.0 4.0 6.0 0.0  : avg=3.9333334
5.0 1.0 0.0 0.0 0.0 6.0 5.0 0.0 -1.0 0.0 2.0 5.0 0.0 7.0 0.0 5.0 7.0 0.0 0.0 0.0 5.0 4.0 0.0 -2.0 0.0 4.0 6.0 0.0 -3.0  : avg=3.5
1.0 0.0 0.0 0.0 6.0 5.0 0.0 -1.0 0.0 2.0 5.0 0.0 7.0 0.0 5.0 7.0 0.0 0.0 0.0 5.0 4.0 0.0 -2.0 0.0 4.0 6.0 0.0 -3.0 6.0  : avg=3.5625
0.0 0.0 0.0 6.0 5.0 0.0 -1.0 0.0 2.0 5.0 0.0 7.0 0.0 5.0 7.0 0.0 0.0 0.0 5.0 4.0 0.0 -2.0 0.0 4.0 6.0 0.0 -3.0 6.0 0.0  : avg=3.7333333
0.0 0.0 6.0 5.0 0.0 -1.0 0.0 2.0 5.0 0.0 7.0 0.0 5.0 7.0 0.0 0.0 0.0 5.0 4.0 0.0 -2.0 0.0 4.0 6.0 0.0 -3.0 6.0 0.0 5.0  : avg=3.8125
0.0 6.0 5.0 0.0 -1.0 0.0 2.0 5.0 0.0 7.0 0.0 5.0 7.0 0.0 0.0 0.0 5.0 4.0 0.0 -2.0 0.0 4.0 6.0 0.0 -3.0 6.0 0.0 5.0 0.0  : avg=3.8125
6.0 5.0 0.0 -1.0 0.0 2.0 5.0 0.0 7.0 0.0 5.0 7.0 0.0 0.0 0.0 5.0 4.0 0.0 -2.0 0.0 4.0 6.0 0.0 -3.0 6.0 0.0 5.0 0.0 1.0  : avg=3.6470587
5.0 0.0 -1.0 0.0 2.0 5.0 0.0 7.0 0.0 5.0 7.0 0.0 0.0 0.0 5.0 4.0 0.0 -2.0 0.0 4.0 6.0 0.0 -3.0 6.0 0.0 5.0 0.0 1.0 5.0  : avg=3.5882354
0.0 -1.0 0.0 2.0 5.0 0.0 7.0 0.0 5.0 7.0 0.0 0.0 0.0 5.0 4.0 0.0 -2.0 0.0 4.0 6.0 0.0 -3.0 6.0 0.0 5.0 0.0 1.0 5.0 0.0  : avg=3.5
-1.0 0.0 2.0 5.0 0.0 7.0 0.0 5.0 7.0 0.0 0.0 0.0 5.0 4.0 0.0 -2.0 0.0 4.0 6.0 0.0 -3.0 6.0 0.0 5.0 0.0 1.0 5.0 0.0 5.0  : avg=3.5882354
0.0 2.0 5.0 0.0 7.0 0.0 5.0 7.0 0.0 0.0 0.0 5.0 4.0 0.0 -2.0 0.0 4.0 6.0 0.0 -3.0 6.0 0.0 5.0 0.0 1.0 5.0 0.0 5.0 0.0  : avg=3.875
2.0 5.0 0.0 7.0 0.0 5.0 7.0 0.0 0.0 0.0 5.0 4.0 0.0 -2.0 0.0 4.0 6.0 0.0 -3.0 6.0 0.0 5.0 0.0 1.0 5.0 0.0 5.0 0.0 1.0  : avg=3.7058823
5.0 0.0 7.0 0.0 5.0 7.0 0.0 0.0 0.0 5.0 4.0 0.0 -2.0 0.0 4.0 6.0 0.0 -3.0 6.0 0.0 5.0 0.0 1.0 5.0 0.0 5.0 0.0 1.0 6.0  : avg=3.9411764
0.0 7.0 0.0 5.0 7.0 0.0 0.0 0.0 5.0 4.0 0.0 -2.0 0.0 4.0 6.0 0.0 -3.0 6.0 0.0 5.0 0.0 1.0 5.0 0.0 5.0 0.0 1.0 6.0 0.0  : avg=3.875
7.0 0.0 5.0 7.0 0.0 0.0 0.0 5.0 4.0 0.0 -2.0 0.0 4.0 6.0 0.0 -3.0 6.0 0.0 5.0 0.0 1.0 5.0 0.0 5.0 0.0 1.0 6.0 0.0 5.0  : avg=3.9411764
0.0 5.0 7.0 0.0 0.0 0.0 5.0 4.0 0.0 -2.0 0.0 4.0 6.0 0.0 -3.0 6.0 0.0 5.0 0.0 1.0 5.0 0.0 5.0 0.0 1.0 6.0 0.0 5.0 0.0  : avg=3.75
5.0 7.0 0.0 0.0 0.0 5.0 4.0 0.0 -2.0 0.0 4.0 6.0 0.0 -3.0 6.0 0.0 5.0 0.0 1.0 5.0 0.0 5.0 0.0 1.0 6.0 0.0 5.0 0.0 1.0  : avg=3.5882354
7.0 0.0 0.0 0.0 5.0 4.0 0.0 -2.0 0.0 4.0 6.0 0.0 -3.0 6.0 0.0 5.0 0.0 1.0 5.0 0.0 5.0 0.0 1.0 6.0 0.0 5.0 0.0 1.0 5.0  : avg=3.5882354
0.0 0.0 0.0 5.0 4.0 0.0 -2.0 0.0 4.0 6.0 0.0 -3.0 6.0 0.0 5.0 0.0 1.0 5.0 0.0 5.0 0.0 1.0 6.0 0.0 5.0 0.0 1.0 5.0 0.0  : avg=3.375
0.0 0.0 5.0 4.0 0.0 -2.0 0.0 4.0 6.0 0.0 -3.0 6.0 0.0 5.0 0.0 1.0 5.0 0.0 5.0 0.0 1.0 6.0 0.0 5.0 0.0 1.0 5.0 0.0 5.0  : avg=3.4705882
0.0 5.0 4.0 0.0 -2.0 0.0 4.0 6.0 0.0 -3.0 6.0 0.0 5.0 0.0 1.0 5.0 0.0 5.0 0.0 1.0 6.0 0.0 5.0 0.0 1.0 5.0 0.0 5.0 0.0  : avg=3.4705882
5.0 4.0 0.0 -2.0 0.0 4.0 6.0 0.0 -3.0 6.0 0.0 5.0 0.0 1.0 5.0 0.0 5.0 0.0 1.0 6.0 0.0 5.0 0.0 1.0 5.0 0.0 5.0 0.0 3.0  : avg=3.4444444
4.0 0.0 -2.0 0.0 4.0 6.0 0.0 -3.0 6.0 0.0 5.0 0.0 1.0 5.0 0.0 5.0 0.0 1.0 6.0 0.0 5.0 0.0 1.0 5.0 0.0 5.0 0.0 3.0 5.0  : avg=3.4444444
0.0 -2.0 0.0 4.0 6.0 0.0 -3.0 6.0 0.0 5.0 0.0 1.0 5.0 0.0 5.0 0.0 1.0 6.0 0.0 5.0 0.0 1.0 5.0 0.0 5.0 0.0 3.0 5.0 0.0  : avg=3.4117646
-2.0 0.0 4.0 6.0 0.0 -3.0 6.0 0.0 5.0 0.0 1.0 5.0 0.0 5.0 0.0 1.0 6.0 0.0 5.0 0.0 1.0 5.0 0.0 5.0 0.0 3.0 5.0 0.0 6.0  : avg=3.5555556
0.0 4.0 6.0 0.0 -3.0 6.0 0.0 5.0 0.0 1.0 5.0 0.0 5.0 0.0 1.0 6.0 0.0 5.0 0.0 1.0 5.0 0.0 5.0 0.0 3.0 5.0 0.0 6.0 0.0  : avg=3.8823528
4.0 6.0 0.0 -3.0 6.0 0.0 5.0 0.0 1.0 5.0 0.0 5.0 0.0 1.0 6.0 0.0 5.0 0.0 1.0 5.0 0.0 5.0 0.0 3.0 5.0 0.0 6.0 0.0 10.0  : avg=4.2222223
6.0 0.0 -3.0 6.0 0.0 5.0 0.0 1.0 5.0 0.0 5.0 0.0 1.0 6.0 0.0 5.0 0.0 1.0 5.0 0.0 5.0 0.0 3.0 5.0 0.0 6.0 0.0 10.0 -3.0  : avg=3.8333333
0.0 -3.0 6.0 0.0 5.0 0.0 1.0 5.0 0.0 5.0 0.0 1.0 6.0 0.0 5.0 0.0 1.0 5.0 0.0 5.0 0.0 3.0 5.0 0.0 6.0 0.0 10.0 -3.0 0.0  : avg=3.7058823
-3.0 6.0 0.0 5.0 0.0 1.0 5.0 0.0 5.0 0.0 1.0 6.0 0.0 5.0 0.0 1.0 5.0 0.0 5.0 0.0 3.0 5.0 0.0 6.0 0.0 10.0 -3.0 0.0 3.0  : avg=3.6666667
6.0 0.0 5.0 0.0 1.0 5.0 0.0 5.0 0.0 1.0 6.0 0.0 5.0 0.0 1.0 5.0 0.0 5.0 0.0 3.0 5.0 0.0 6.0 0.0 10.0 -3.0 0.0 3.0 0.0  : avg=4.0588236
0.0 5.0 0.0 1.0 5.0 0.0 5.0 0.0 1.0 6.0 0.0 5.0 0.0 1.0 5.0 0.0 5.0 0.0 3.0 5.0 0.0 6.0 0.0 10.0 -3.0 0.0 3.0 0.0 7.0  : avg=4.117647
5.0 0.0 1.0 5.0 0.0 5.0 0.0 1.0 6.0 0.0 5.0 0.0 1.0 5.0 0.0 5.0 0.0 3.0 5.0 0.0 6.0 0.0 10.0 -3.0 0.0 3.0 0.0 7.0 -6.0  : avg=3.5555556
0.0 1.0 5.0 0.0 5.0 0.0 1.0 6.0 0.0 5.0 0.0 1.0 5.0 0.0 5.0 0.0 3.0 5.0 0.0 6.0 0.0 10.0 -3.0 0.0 3.0 0.0 7.0 -6.0 0.0  : avg=3.4705882
1.0 5.0 0.0 5.0 0.0 1.0 6.0 0.0 5.0 0.0 1.0 5.0 0.0 5.0 0.0 3.0 5.0 0.0 6.0 0.0 10.0 -3.0 0.0 3.0 0.0 7.0 -6.0 0.0 2.0  : avg=3.3888888
5.0 0.0 5.0 0.0 1.0 6.0 0.0 5.0 0.0 1.0 5.0 0.0 5.0 0.0 3.0 5.0 0.0 6.0 0.0 10.0 -3.0 0.0 3.0 0.0 7.0 -6.0 0.0 2.0 0.0  : avg=3.5294118
0.0 5.0 0.0 1.0 6.0 0.0 5.0 0.0 1.0 5.0 0.0 5.0 0.0 3.0 5.0 0.0 6.0 0.0 10.0 -3.0 0.0 3.0 0.0 7.0 -6.0 0.0 2.0 0.0 1.0  : avg=3.2941177
5.0 0.0 1.0 6.0 0.0 5.0 0.0 1.0 5.0 0.0 5.0 0.0 3.0 5.0 0.0 6.0 0.0 10.0 -3.0 0.0 3.0 0.0 7.0 -6.0 0.0 2.0 0.0 1.0 1.0  : avg=3.1666667
0.0 1.0 6.0 0.0 5.0 0.0 1.0 5.0 0.0 5.0 0.0 3.0 5.0 0.0 6.0 0.0 10.0 -3.0 0.0 3.0 0.0 7.0 -6.0 0.0 2.0 0.0 1.0 1.0 0.0  : avg=3.0588236
1.0 6.0 0.0 5.0 0.0 1.0 5.0 0.0 5.0 0.0 3.0 5.0 0.0 6.0 0.0 10.0 -3.0 0.0 3.0 0.0 7.0 -6.0 0.0 2.0 0.0 1.0 1.0 0.0 8.0  : avg=3.3333333
6.0 0.0 5.0 0.0 1.0 5.0 0.0 5.0 0.0 3.0 5.0 0.0 6.0 0.0 10.0 -3.0 0.0 3.0 0.0 7.0 -6.0 0.0 2.0 0.0 1.0 1.0 0.0 8.0 0.0  : avg=3.4705882
0.0 5.0 0.0 1.0 5.0 0.0 5.0 0.0 3.0 5.0 0.0 6.0 0.0 10.0 -3.0 0.0 3.0 0.0 7.0 -6.0 0.0 2.0 0.0 1.0 1.0 0.0 8.0 0.0 6.0  : avg=3.4705882
5.0 0.0 1.0 5.0 0.0 5.0 0.0 3.0 5.0 0.0 6.0 0.0 10.0 -3.0 0.0 3.0 0.0 7.0 -6.0 0.0 2.0 0.0 1.0 1.0 0.0 8.0 0.0 6.0 -7.0  : avg=2.8888888
0.0 1.0 5.0 0.0 5.0 0.0 3.0 5.0 0.0 6.0 0.0 10.0 -3.0 0.0 3.0 0.0 7.0 -6.0 0.0 2.0 0.0 1.0 1.0 0.0 8.0 0.0 6.0 -7.0 0.0  : avg=2.764706
1.0 5.0 0.0 5.0 0.0 3.0 5.0 0.0 6.0 0.0 10.0 -3.0 0.0 3.0 0.0 7.0 -6.0 0.0 2.0 0.0 1.0 1.0 0.0 8.0 0.0 6.0 -7.0 0.0 5.0  : avg=2.8888888
5.0 0.0 5.0 0.0 3.0 5.0 0.0 6.0 0.0 10.0 -3.0 0.0 3.0 0.0 7.0 -6.0 0.0 2.0 0.0 1.0 1.0 0.0 8.0 0.0 6.0 -7.0 0.0 5.0 0.0  : avg=3.0
0.0 5.0 0.0 3.0 5.0 0.0 6.0 0.0 10.0 -3.0 0.0 3.0 0.0 7.0 -6.0 0.0 2.0 0.0 1.0 1.0 0.0 8.0 0.0 6.0 -7.0 0.0 5.0 0.0 3.0  : avg=2.8823528
5.0 0.0 3.0 5.0 0.0 6.0 0.0 10.0 -3.0 0.0 3.0 0.0 7.0 -6.0 0.0 2.0 0.0 1.0 1.0 0.0 8.0 0.0 6.0 -7.0 0.0 5.0 0.0 3.0 0.0  : avg=2.8823528
0.0 3.0 5.0 0.0 6.0 0.0 10.0 -3.0 0.0 3.0 0.0 7.0 -6.0 0.0 2.0 0.0 1.0 1.0 0.0 8.0 0.0 6.0 -7.0 0.0 5.0 0.0 3.0 0.0 0.0  : avg=2.75
3.0 5.0 0.0 6.0 0.0 10.0 -3.0 0.0 3.0 0.0 7.0 -6.0 0.0 2.0 0.0 1.0 1.0 0.0 8.0 0.0 6.0 -7.0 0.0 5.0 0.0 3.0 0.0 0.0 8.0  : avg=3.0588236
5.0 0.0 6.0 0.0 10.0 -3.0 0.0 3.0 0.0 7.0 -6.0 0.0 2.0 0.0 1.0 1.0 0.0 8.0 0.0 6.0 -7.0 0.0 5.0 0.0 3.0 0.0 0.0 8.0 0.0  : avg=3.0625
0.0 6.0 0.0 10.0 -3.0 0.0 3.0 0.0 7.0 -6.0 0.0 2.0 0.0 1.0 1.0 0.0 8.0 0.0 6.0 -7.0 0.0 5.0 0.0 3.0 0.0 0.0 8.0 0.0 2.0  : avg=2.875
6.0 0.0 10.0 -3.0 0.0 3.0 0.0 7.0 -6.0 0.0 2.0 0.0 1.0 1.0 0.0 8.0 0.0 6.0 -7.0 0.0 5.0 0.0 3.0 0.0 0.0 8.0 0.0 2.0 -2.0  : avg=2.5882354
0.0 10.0 -3.0 0.0 3.0 0.0 7.0 -6.0 0.0 2.0 0.0 1.0 1.0 0.0 8.0 0.0 6.0 -7.0 0.0 5.0 0.0 3.0 0.0 0.0 8.0 0.0 2.0 -2.0 0.0  : avg=2.375
10.0 -3.0 0.0 3.0 0.0 7.0 -6.0 0.0 2.0 0.0 1.0 1.0 0.0 8.0 0.0 6.0 -7.0 0.0 5.0 0.0 3.0 0.0 0.0 8.0 0.0 2.0 -2.0 0.0 8.0  : avg=2.7058823
-3.0 0.0 3.0 0.0 7.0 -6.0 0.0 2.0 0.0 1.0 1.0 0.0 8.0 0.0 6.0 -7.0 0.0 5.0 0.0 3.0 0.0 0.0 8.0 0.0 2.0 -2.0 0.0 8.0 3.0  : avg=2.2941177
0.0 3.0 0.0 7.0 -6.0 0.0 2.0 0.0 1.0 1.0 0.0 8.0 0.0 6.0 -7.0 0.0 5.0 0.0 3.0 0.0 0.0 8.0 0.0 2.0 -2.0 0.0 8.0 3.0 0.0  : avg=2.625
3.0 0.0 7.0 -6.0 0.0 2.0 0.0 1.0 1.0 0.0 8.0 0.0 6.0 -7.0 0.0 5.0 0.0 3.0 0.0 0.0 8.0 0.0 2.0 -2.0 0.0 8.0 3.0 0.0 -1.0  : avg=2.4117646
0.0 7.0 -6.0 0.0 2.0 0.0 1.0 1.0 0.0 8.0 0.0 6.0 -7.0 0.0 5.0 0.0 3.0 0.0 0.0 8.0 0.0 2.0 -2.0 0.0 8.0 3.0 0.0 -1.0 0.0  : avg=2.375
7.0 -6.0 0.0 2.0 0.0 1.0 1.0 0.0 8.0 0.0 6.0 -7.0 0.0 5.0 0.0 3.0 0.0 0.0 8.0 0.0 2.0 -2.0 0.0 8.0 3.0 0.0 -1.0 0.0 3.0  : avg=2.4117646
-6.0 0.0 2.0 0.0 1.0 1.0 0.0 8.0 0.0 6.0 -7.0 0.0 5.0 0.0 3.0 0.0 0.0 8.0 0.0 2.0 -2.0 0.0 8.0 3.0 0.0 -1.0 0.0 3.0 5.0  : avg=2.2941177
0.0 2.0 0.0 1.0 1.0 0.0 8.0 0.0 6.0 -7.0 0.0 5.0 0.0 3.0 0.0 0.0 8.0 0.0 2.0 -2.0 0.0 8.0 3.0 0.0 -1.0 0.0 3.0 5.0 0.0  : avg=2.8125
2.0 0.0 1.0 1.0 0.0 8.0 0.0 6.0 -7.0 0.0 5.0 0.0 3.0 0.0 0.0 8.0 0.0 2.0 -2.0 0.0 8.0 3.0 0.0 -1.0 0.0 3.0 5.0 0.0 -2.0  : avg=2.5294118
0.0 1.0 1.0 0.0 8.0 0.0 6.0 -7.0 0.0 5.0 0.0 3.0 0.0 0.0 8.0 0.0 2.0 -2.0 0.0 8.0 3.0 0.0 -1.0 0.0 3.0 5.0 0.0 -2.0 0.0  : avg=2.5625
1.0 1.0 0.0 8.0 0.0 6.0 -7.0 0.0 5.0 0.0 3.0 0.0 0.0 8.0 0.0 2.0 -2.0 0.0 8.0 3.0 0.0 -1.0 0.0 3.0 5.0 0.0 -2.0 0.0 9.0  : avg=2.9411764
1.0 0.0 8.0 0.0 6.0 -7.0 0.0 5.0 0.0 3.0 0.0 0.0 8.0 0.0 2.0 -2.0 0.0 8.0 3.0 0.0 -1.0 0.0 3.0 5.0 0.0 -2.0 0.0 9.0 6.0  : avg=3.235294
0.0 8.0 0.0 6.0 -7.0 0.0 5.0 0.0 3.0 0.0 0.0 8.0 0.0 2.0 -2.0 0.0 8.0 3.0 0.0 -1.0 0.0 3.0 5.0 0.0 -2.0 0.0 9.0 6.0 0.0  : avg=3.375
8.0 0.0 6.0 -7.0 0.0 5.0 0.0 3.0 0.0 0.0 8.0 0.0 2.0 -2.0 0.0 8.0 3.0 0.0 -1.0 0.0 3.0 5.0 0.0 -2.0 0.0 9.0 6.0 0.0 2.0  : avg=3.2941177
0.0 6.0 -7.0 0.0 5.0 0.0 3.0 0.0 0.0 8.0 0.0 2.0 -2.0 0.0 8.0 3.0 0.0 -1.0 0.0 3.0 5.0 0.0 -2.0 0.0 9.0 6.0 0.0 2.0 0.0  : avg=3.0
6.0 -7.0 0.0 5.0 0.0 3.0 0.0 0.0 8.0 0.0 2.0 -2.0 0.0 8.0 3.0 0.0 -1.0 0.0 3.0 5.0 0.0 -2.0 0.0 9.0 6.0 0.0 2.0 0.0 4.0  : avg=3.0588236
-7.0 0.0 5.0 0.0 3.0 0.0 0.0 8.0 0.0 2.0 -2.0 0.0 8.0 3.0 0.0 -1.0 0.0 3.0 5.0 0.0 -2.0 0.0 9.0 6.0 0.0 2.0 0.0 4.0 4.0  : avg=2.9411764
0.0 5.0 0.0 3.0 0.0 0.0 8.0 0.0 2.0 -2.0 0.0 8.0 3.0 0.0 -1.0 0.0 3.0 5.0 0.0 -2.0 0.0 9.0 6.0 0.0 2.0 0.0 4.0 4.0 0.0  : avg=3.5625
5.0 0.0 3.0 0.0 0.0 8.0 0.0 2.0 -2.0 0.0 8.0 3.0 0.0 -1.0 0.0 3.0 5.0 0.0 -2.0 0.0 9.0 6.0 0.0 2.0 0.0 4.0 4.0 0.0 -2.0  : avg=3.235294
0.0 3.0 0.0 0.0 8.0 0.0 2.0 -2.0 0.0 8.0 3.0 0.0 -1.0 0.0 3.0 5.0 0.0 -2.0 0.0 9.0 6.0 0.0 2.0 0.0 4.0 4.0 0.0 -2.0 0.0  : avg=3.125
3.0 0.0 0.0 8.0 0.0 2.0 -2.0 0.0 8.0 3.0 0.0 -1.0 0.0 3.0 5.0 0.0 -2.0 0.0 9.0 6.0 0.0 2.0 0.0 4.0 4.0 0.0 -2.0 0.0 4.0  : avg=3.1764705
0.0 0.0 8.0 0.0 2.0 -2.0 0.0 8.0 3.0 0.0 -1.0 0.0 3.0 5.0 0.0 -2.0 0.0 9.0 6.0 0.0 2.0 0.0 4.0 4.0 0.0 -2.0 0.0 4.0 5.0  : avg=3.2941177
0.0 8.0 0.0 2.0 -2.0 0.0 8.0 3.0 0.0 -1.0 0.0 3.0 5.0 0.0 -2.0 0.0 9.0 6.0 0.0 2.0 0.0 4.0 4.0 0.0 -2.0 0.0 4.0 5.0 0.0  : avg=3.2941177
8.0 0.0 2.0 -2.0 0.0 8.0 3.0 0.0 -1.0 0.0 3.0 5.0 0.0 -2.0 0.0 9.0 6.0 0.0 2.0 0.0 4.0 4.0 0.0 -2.0 0.0 4.0 5.0 0.0 7.0  : avg=3.5
0.0 2.0 -2.0 0.0 8.0 3.0 0.0 -1.0 0.0 3.0 5.0 0.0 -2.0 0.0 9.0 6.0 0.0 2.0 0.0 4.0 4.0 0.0 -2.0 0.0 4.0 5.0 0.0 7.0 0.0  : avg=3.235294
2.0 -2.0 0.0 8.0 3.0 0.0 -1.0 0.0 3.0 5.0 0.0 -2.0 0.0 9.0 6.0 0.0 2.0 0.0 4.0 4.0 0.0 -2.0 0.0 4.0 5.0 0.0 7.0 0.0 2.0  : avg=3.1666667
-2.0 0.0 8.0 3.0 0.0 -1.0 0.0 3.0 5.0 0.0 -2.0 0.0 9.0 6.0 0.0 2.0 0.0 4.0 4.0 0.0 -2.0 0.0 4.0 5.0 0.0 7.0 0.0 2.0 1.0  : avg=3.1111112
0.0 8.0 3.0 0.0 -1.0 0.0 3.0 5.0 0.0 -2.0 0.0 9.0 6.0 0.0 2.0 0.0 4.0 4.0 0.0 -2.0 0.0 4.0 5.0 0.0 7.0 0.0 2.0 1.0 0.0  : avg=3.4117646
8.0 3.0 0.0 -1.0 0.0 3.0 5.0 0.0 -2.0 0.0 9.0 6.0 0.0 2.0 0.0 4.0 4.0 0.0 -2.0 0.0 4.0 5.0 0.0 7.0 0.0 2.0 1.0 0.0 1.0  : avg=3.2777777
3.0 0.0 -1.0 0.0 3.0 5.0 0.0 -2.0 0.0 9.0 6.0 0.0 2.0 0.0 4.0 4.0 0.0 -2.0 0.0 4.0 5.0 0.0 7.0 0.0 2.0 1.0 0.0 1.0 0.0  : avg=3.0
0.0 -1.0 0.0 3.0 5.0 0.0 -2.0 0.0 9.0 6.0 0.0 2.0 0.0 4.0 4.0 0.0 -2.0 0.0 4.0 5.0 0.0 7.0 0.0 2.0 1.0 0.0 1.0 0.0 5.0  : avg=3.1176472
-1.0 0.0 3.0 5.0 0.0 -2.0 0.0 9.0 6.0 0.0 2.0 0.0 4.0 4.0 0.0 -2.0 0.0 4.0 5.0 0.0 7.0 0.0 2.0 1.0 0.0 1.0 0.0 5.0 6.0  : avg=3.2777777
0.0 3.0 5.0 0.0 -2.0 0.0 9.0 6.0 0.0 2.0 0.0 4.0 4.0 0.0 -2.0 0.0 4.0 5.0 0.0 7.0 0.0 2.0 1.0 0.0 1.0 0.0 5.0 6.0 0.0  : avg=3.5294118
3.0 5.0 0.0 -2.0 0.0 9.0 6.0 0.0 2.0 0.0 4.0 4.0 0.0 -2.0 0.0 4.0 5.0 0.0 7.0 0.0 2.0 1.0 0.0 1.0 0.0 5.0 6.0 0.0 -2.0  : avg=3.2222223
5.0 0.0 -2.0 0.0 9.0 6.0 0.0 2.0 0.0 4.0 4.0 0.0 -2.0 0.0 4.0 5.0 0.0 7.0 0.0 2.0 1.0 0.0 1.0 0.0 5.0 6.0 0.0 -2.0 0.0  : avg=3.235294
0.0 -2.0 0.0 9.0 6.0 0.0 2.0 0.0 4.0 4.0 0.0 -2.0 0.0 4.0 5.0 0.0 7.0 0.0 2.0 1.0 0.0 1.0 0.0 5.0 6.0 0.0 -2.0 0.0 5.0  : avg=3.235294
-2.0 0.0 9.0 6.0 0.0 2.0 0.0 4.0 4.0 0.0 -2.0 0.0 4.0 5.0 0.0 7.0 0.0 2.0 1.0 0.0 1.0 0.0 5.0 6.0 0.0 -2.0 0.0 5.0 6.0  : avg=3.3888888
0.0 9.0 6.0 0.0 2.0 0.0 4.0 4.0 0.0 -2.0 0.0 4.0 5.0 0.0 7.0 0.0 2.0 1.0 0.0 1.0 0.0 5.0 6.0 0.0 -2.0 0.0 5.0 6.0 0.0  : avg=3.7058823
9.0 6.0 0.0 2.0 0.0 4.0 4.0 0.0 -2.0 0.0 4.0 5.0 0.0 7.0 0.0 2.0 1.0 0.0 1.0 0.0 5.0 6.0 0.0 -2.0 0.0 5.0 6.0 0.0 2.0  : avg=3.6111112
6.0 0.0 2.0 0.0 4.0 4.0 0.0 -2.0 0.0 4.0 5.0 0.0 7.0 0.0 2.0 1.0 0.0 1.0 0.0 5.0 6.0 0.0 -2.0 0.0 5.0 6.0 0.0 2.0 0.0  : avg=3.2941177
0.0 2.0 0.0 4.0 4.0 0.0 -2.0 0.0 4.0 5.0 0.0 7.0 0.0 2.0 1.0 0.0 1.0 0.0 5.0 6.0 0.0 -2.0 0.0 5.0 6.0 0.0 2.0 0.0 4.0  : avg=3.1764705
2.0 0.0 4.0 4.0 0.0 -2.0 0.0 4.0 5.0 0.0 7.0 0.0 2.0 1.0 0.0 1.0 0.0 5.0 6.0 0.0 -2.0 0.0 5.0 6.0 0.0 2.0 0.0 4.0 5.0  : avg=3.2777777
0.0 4.0 4.0 0.0 -2.0 0.0 4.0 5.0 0.0 7.0 0.0 2.0 1.0 0.0 1.0 0.0 5.0 6.0 0.0 -2.0 0.0 5.0 6.0 0.0 2.0 0.0 4.0 5.0 0.0  : avg=3.3529413
4.0 4.0 0.0 -2.0 0.0 4.0 5.0 0.0 7.0 0.0 2.0 1.0 0.0 1.0 0.0 5.0 6.0 0.0 -2.0 0.0 5.0 6.0 0.0 2.0 0.0 4.0 5.0 0.0 2.0  : avg=3.2777777
4.0 0.0 -2.0 0.0 4.0 5.0 0.0 7.0 0.0 2.0 1.0 0.0 1.0 0.0 5.0 6.0 0.0 -2.0 0.0 5.0 6.0 0.0 2.0 0.0 4.0 5.0 0.0 2.0 2.0  : avg=3.1666667
0.0 -2.0 0.0 4.0 5.0 0.0 7.0 0.0 2.0 1.0 0.0 1.0 0.0 5.0 6.0 0.0 -2.0 0.0 5.0 6.0 0.0 2.0 0.0 4.0 5.0 0.0 2.0 2.0 0.0  : avg=3.1176472
-2.0 0.0 4.0 5.0 0.0 7.0 0.0 2.0 1.0 0.0 1.0 0.0 5.0 6.0 0.0 -2.0 0.0 5.0 6.0 0.0 2.0 0.0 4.0 5.0 0.0 2.0 2.0 0.0 6.0  : avg=3.2777777
0.0 4.0 5.0 0.0 7.0 0.0 2.0 1.0 0.0 1.0 0.0 5.0 6.0 0.0 -2.0 0.0 5.0 6.0 0.0 2.0 0.0 4.0 5.0 0.0 2.0 2.0 0.0 6.0 0.0  : avg=3.5882354
4.0 5.0 0.0 7.0 0.0 2.0 1.0 0.0 1.0 0.0 5.0 6.0 0.0 -2.0 0.0 5.0 6.0 0.0 2.0 0.0 4.0 5.0 0.0 2.0 2.0 0.0 6.0 0.0 0.0  : avg=3.5882354
5.0 0.0 7.0 0.0 2.0 1.0 0.0 1.0 0.0 5.0 6.0 0.0 -2.0 0.0 5.0 6.0 0.0 2.0 0.0 4.0 5.0 0.0 2.0 2.0 0.0 6.0 0.0 0.0 5.0  : avg=3.6470587
0.0 7.0 0.0 2.0 1.0 0.0 1.0 0.0 5.0 6.0 0.0 -2.0 0.0 5.0 6.0 0.0 2.0 0.0 4.0 5.0 0.0 2.0 2.0 0.0 6.0 0.0 0.0 5.0 0.0  : avg=3.5625
7.0 0.0 2.0 1.0 0.0 1.0 0.0 5.0 6.0 0.0 -2.0 0.0 5.0 6.0 0.0 2.0 0.0 4.0 5.0 0.0 2.0 2.0 0.0 6.0 0.0 0.0 5.0 0.0 5.0  : avg=3.6470587
0.0 2.0 1.0 0.0 1.0 0.0 5.0 6.0 0.0 -2.0 0.0 5.0 6.0 0.0 2.0 0.0 4.0 5.0 0.0 2.0 2.0 0.0 6.0 0.0 0.0 5.0 0.0 5.0 0.0  : avg=3.4375
2.0 1.0 0.0 1.0 0.0 5.0 6.0 0.0 -2.0 0.0 5.0 6.0 0.0 2.0 0.0 4.0 5.0 0.0 2.0 2.0 0.0 6.0 0.0 0.0 5.0 0.0 5.0 0.0 2.0  : avg=3.3529413
1.0 0.0 1.0 0.0 5.0 6.0 0.0 -2.0 0.0 5.0 6.0 0.0 2.0 0.0 4.0 5.0 0.0 2.0 2.0 0.0 6.0 0.0 0.0 5.0 0.0 5.0 0.0 2.0 5.0  : avg=3.5294118
0.0 1.0 0.0 5.0 6.0 0.0 -2.0 0.0 5.0 6.0 0.0 2.0 0.0 4.0 5.0 0.0 2.0 2.0 0.0 6.0 0.0 0.0 5.0 0.0 5.0 0.0 2.0 5.0 0.0  : avg=3.6875
1.0 0.0 5.0 6.0 0.0 -2.0 0.0 5.0 6.0 0.0 2.0 0.0 4.0 5.0 0.0 2.0 2.0 0.0 6.0 0.0 0.0 5.0 0.0 5.0 0.0 2.0 5.0 0.0 4.0  : avg=3.7058823
0.0 5.0 6.0 0.0 -2.0 0.0 5.0 6.0 0.0 2.0 0.0 4.0 5.0 0.0 2.0 2.0 0.0 6.0 0.0 0.0 5.0 0.0 5.0 0.0 2.0 5.0 0.0 4.0 0.0  : avg=3.875
5.0 6.0 0.0 -2.0 0.0 5.0 6.0 0.0 2.0 0.0 4.0 5.0 0.0 2.0 2.0 0.0 6.0 0.0 0.0 5.0 0.0 5.0 0.0 2.0 5.0 0.0 4.0 0.0 -1.0  : avg=3.5882354
6.0 0.0 -2.0 0.0 5.0 6.0 0.0 2.0 0.0 4.0 5.0 0.0 2.0 2.0 0.0 6.0 0.0 0.0 5.0 0.0 5.0 0.0 2.0 5.0 0.0 4.0 0.0 -1.0 3.0  : avg=3.4705882
0.0 -2.0 0.0 5.0 6.0 0.0 2.0 0.0 4.0 5.0 0.0 2.0 2.0 0.0 6.0 0.0 0.0 5.0 0.0 5.0 0.0 2.0 5.0 0.0 4.0 0.0 -1.0 3.0 0.0  : avg=3.3125
-2.0 0.0 5.0 6.0 0.0 2.0 0.0 4.0 5.0 0.0 2.0 2.0 0.0 6.0 0.0 0.0 5.0 0.0 5.0 0.0 2.0 5.0 0.0 4.0 0.0 -1.0 3.0 0.0 4.0  : avg=3.3529413
0.0 5.0 6.0 0.0 2.0 0.0 4.0 5.0 0.0 2.0 2.0 0.0 6.0 0.0 0.0 5.0 0.0 5.0 0.0 2.0 5.0 0.0 4.0 0.0 -1.0 3.0 0.0 4.0 0.0  : avg=3.6875
5.0 6.0 0.0 2.0 0.0 4.0 5.0 0.0 2.0 2.0 0.0 6.0 0.0 0.0 5.0 0.0 5.0 0.0 2.0 5.0 0.0 4.0 0.0 -1.0 3.0 0.0 4.0 0.0 4.0  : avg=3.7058823
6.0 0.0 2.0 0.0 4.0 5.0 0.0 2.0 2.0 0.0 6.0 0.0 0.0 5.0 0.0 5.0 0.0 2.0 5.0 0.0 4.0 0.0 -1.0 3.0 0.0 4.0 0.0 4.0 1.0  : avg=3.4705882
0.0 2.0 0.0 4.0 5.0 0.0 2.0 2.0 0.0 6.0 0.0 0.0 5.0 0.0 5.0 0.0 2.0 5.0 0.0 4.0 0.0 -1.0 3.0 0.0 4.0 0.0 4.0 1.0 0.0  : avg=3.3125
2.0 0.0 4.0 5.0 0.0 2.0 2.0 0.0 6.0 0.0 0.0 5.0 0.0 5.0 0.0 2.0 5.0 0.0 4.0 0.0 -1.0 3.0 0.0 4.0 0.0 4.0 1.0 0.0 3.0  : avg=3.2941177
0.0 4.0 5.0 0.0 2.0 2.0 0.0 6.0 0.0 0.0 5.0 0.0 5.0 0.0 2.0 5.0 0.0 4.0 0.0 -1.0 3.0 0.0 4.0 0.0 4.0 1.0 0.0 3.0 0.0  : avg=3.375
4.0 5.0 0.0 2.0 2.0 0.0 6.0 0.0 0.0 5.0 0.0 5.0 0.0 2.0 5.0 0.0 4.0 0.0 -1.0 3.0 0.0 4.0 0.0 4.0 1.0 0.0 3.0 0.0 6.0  : avg=3.5294118
5.0 0.0 2.0 2.0 0.0 6.0 0.0 0.0 5.0 0.0 5.0 0.0 2.0 5.0 0.0 4.0 0.0 -1.0 3.0 0.0 4.0 0.0 4.0 1.0 0.0 3.0 0.0 6.0 -2.0  : avg=3.1764705
0.0 2.0 2.0 0.0 6.0 0.0 0.0 5.0 0.0 5.0 0.0 2.0 5.0 0.0 4.0 0.0 -1.0 3.0 0.0 4.0 0.0 4.0 1.0 0.0 3.0 0.0 6.0 -2.0 0.0  : avg=3.0625
2.0 2.0 0.0 6.0 0.0 0.0 5.0 0.0 5.0 0.0 2.0 5.0 0.0 4.0 0.0 -1.0 3.0 0.0 4.0 0.0 4.0 1.0 0.0 3.0 0.0 6.0 -2.0 0.0 -5.0  : avg=2.5882354
2.0 0.0 6.0 0.0 0.0 5.0 0.0 5.0 0.0 2.0 5.0 0.0 4.0 0.0 -1.0 3.0 0.0 4.0 0.0 4.0 1.0 0.0 3.0 0.0 6.0 -2.0 0.0 -5.0 0.0  : avg=2.625
0.0 6.0 0.0 0.0 5.0 0.0 5.0 0.0 2.0 5.0 0.0 4.0 0.0 -1.0 3.0 0.0 4.0 0.0 4.0 1.0 0.0 3.0 0.0 6.0 -2.0 0.0 -5.0 0.0 5.0  : avg=2.8125
6.0 0.0 0.0 5.0 0.0 5.0 0.0 2.0 5.0 0.0 4.0 0.0 -1.0 3.0 0.0 4.0 0.0 4.0 1.0 0.0 3.0 0.0 6.0 -2.0 0.0 -5.0 0.0 5.0 -8.0  : avg=2.1764705
0.0 0.0 5.0 0.0 5.0 0.0 2.0 5.0 0.0 4.0 0.0 -1.0 3.0 0.0 4.0 0.0 4.0 1.0 0.0 3.0 0.0 6.0 -2.0 0.0 -5.0 0.0 5.0 -8.0 0.0  : avg=1.9375
0.0 5.0 0.0 5.0 0.0 2.0 5.0 0.0 4.0 0.0 -1.0 3.0 0.0 4.0 0.0 4.0 1.0 0.0 3.0 0.0 6.0 -2.0 0.0 -5.0 0.0 5.0 -8.0 0.0 5.0  : avg=2.1176472
5.0 0.0 5.0 0.0 2.0 5.0 0.0 4.0 0.0 -1.0 3.0 0.0 4.0 0.0 4.0 1.0 0.0 3.0 0.0 6.0 -2.0 0.0 -5.0 0.0 5.0 -8.0 0.0 5.0 0.0  : avg=2.1176472
0.0 5.0 0.0 2.0 5.0 0.0 4.0 0.0 -1.0 3.0 0.0 4.0 0.0 4.0 1.0 0.0 3.0 0.0 6.0 -2.0 0.0 -5.0 0.0 5.0 -8.0 0.0 5.0 0.0 4.0  : avg=2.0588236
5.0 0.0 2.0 5.0 0.0 4.0 0.0 -1.0 3.0 0.0 4.0 0.0 4.0 1.0 0.0 3.0 0.0 6.0 -2.0 0.0 -5.0 0.0 5.0 -8.0 0.0 5.0 0.0 4.0 2.0  : avg=2.0555556
0.0 2.0 5.0 0.0 4.0 0.0 -1.0 3.0 0.0 4.0 0.0 4.0 1.0 0.0 3.0 0.0 6.0 -2.0 0.0 -5.0 0.0 5.0 -8.0 0.0 5.0 0.0 4.0 2.0 0.0  : avg=1.882353
2.0 5.0 0.0 4.0 0.0 -1.0 3.0 0.0 4.0 0.0 4.0 1.0 0.0 3.0 0.0 6.0 -2.0 0.0 -5.0 0.0 5.0 -8.0 0.0 5.0 0.0 4.0 2.0 0.0 5.0  : avg=2.0555556
5.0 0.0 4.0 0.0 -1.0 3.0 0.0 4.0 0.0 4.0 1.0 0.0 3.0 0.0 6.0 -2.0 0.0 -5.0 0.0 5.0 -8.0 0.0 5.0 0.0 4.0 2.0 0.0 5.0 0.0  : avg=2.0588236
0.0 4.0 0.0 -1.0 3.0 0.0 4.0 0.0 4.0 1.0 0.0 3.0 0.0 6.0 -2.0 0.0 -5.0 0.0 5.0 -8.0 0.0 5.0 0.0 4.0 2.0 0.0 5.0 0.0 4.0  : avg=2.0
4.0 0.0 -1.0 3.0 0.0 4.0 0.0 4.0 1.0 0.0 3.0 0.0 6.0 -2.0 0.0 -5.0 0.0 5.0 -8.0 0.0 5.0 0.0 4.0 2.0 0.0 5.0 0.0 4.0 0.0  : avg=2.0
0.0 -1.0 3.0 0.0 4.0 0.0 4.0 1.0 0.0 3.0 0.0 6.0 -2.0 0.0 -5.0 0.0 5.0 -8.0 0.0 5.0 0.0 4.0 2.0 0.0 5.0 0.0 4.0 0.0 0.0  : avg=1.875
-1.0 3.0 0.0 4.0 0.0 4.0 1.0 0.0 3.0 0.0 6.0 -2.0 0.0 -5.0 0.0 5.0 -8.0 0.0 5.0 0.0 4.0 2.0 0.0 5.0 0.0 4.0 0.0 0.0 2.0  : avg=1.882353
3.0 0.0 4.0 0.0 4.0 1.0 0.0 3.0 0.0 6.0 -2.0 0.0 -5.0 0.0 5.0 -8.0 0.0 5.0 0.0 4.0 2.0 0.0 5.0 0.0 4.0 0.0 0.0 2.0 0.0  : avg=2.0625
0.0 4.0 0.0 4.0 1.0 0.0 3.0 0.0 6.0 -2.0 0.0 -5.0 0.0 5.0 -8.0 0.0 5.0 0.0 4.0 2.0 0.0 5.0 0.0 4.0 0.0 0.0 2.0 0.0 4.0  : avg=2.125
4.0 0.0 4.0 1.0 0.0 3.0 0.0 6.0 -2.0 0.0 -5.0 0.0 5.0 -8.0 0.0 5.0 0.0 4.0 2.0 0.0 5.0 0.0 4.0 0.0 0.0 2.0 0.0 4.0 4.0  : avg=2.235294
0.0 4.0 1.0 0.0 3.0 0.0 6.0 -2.0 0.0 -5.0 0.0 5.0 -8.0 0.0 5.0 0.0 4.0 2.0 0.0 5.0 0.0 4.0 0.0 0.0 2.0 0.0 4.0 4.0 0.0  : avg=2.125
4.0 1.0 0.0 3.0 0.0 6.0 -2.0 0.0 -5.0 0.0 5.0 -8.0 0.0 5.0 0.0 4.0 2.0 0.0 5.0 0.0 4.0 0.0 0.0 2.0 0.0 4.0 4.0 0.0 2.0  : avg=2.1176472
1.0 0.0 3.0 0.0 6.0 -2.0 0.0 -5.0 0.0 5.0 -8.0 0.0 5.0 0.0 4.0 2.0 0.0 5.0 0.0 4.0 0.0 0.0 2.0 0.0 4.0 4.0 0.0 2.0 5.0  : avg=2.1764705
0.0 3.0 0.0 6.0 -2.0 0.0 -5.0 0.0 5.0 -8.0 0.0 5.0 0.0 4.0 2.0 0.0 5.0 0.0 4.0 0.0 0.0 2.0 0.0 4.0 4.0 0.0 2.0 5.0 0.0  : avg=2.25
3.0 0.0 6.0 -2.0 0.0 -5.0 0.0 5.0 -8.0 0.0 5.0 0.0 4.0 2.0 0.0 5.0 0.0 4.0 0.0 0.0 2.0 0.0 4.0 4.0 0.0 2.0 5.0 0.0 -3.0  : avg=1.9411764
